-2.011750
-1.045685
-0.274411
0.000000
-1.400437
-1.324023
-0.871404
-0.784231
0.433503
1.280583
0.348562
-0.697124
0.968403
-1.518406
0.662746
-0.865537
-0.330638
-0.981782
-0.789123
0.509918
1.044817
0.204261
-1.309802
0.204261
1.751718
0.111618
0.739160
-0.638018
-0.981782
-0.784231
0.662746
-0.274411
1.205018
-1.247608
-1.000000
-0.254224
-1.000000
1.656130
0.439638
0.433503
1.205018
1.314358
0.891989
0.522843
-2.011750
0.220958
0.509918
0.280675
-0.784231
0.658318
2.286232
0.036588
-0.274411
0.662746
-0.653762
0.891989
-0.784231
-0.981782
2.265652
1.902581
0.767658
0.036588
-0.177810
0.891989
1.219966
-0.053168
1.808959
0.111618
0.204261
0.658318
1.197645
-0.981782
0.891989
-0.330638
-0.325742
-1.207407
0.000000
1.751718
0.439638
0.000000
0.111618
-0.697124
0.509918
-0.896408
-1.309802
0.347587
0.662746
0.111618
1.503302
-1.309802
1.423698
1.116532
0.548978
1.533038
0.586332
1.732544
-1.629679
-0.941952
1.219966
-0.981782
0.658586
1.095678
-1.706093
1.000000
-0.896408
-0.763102
-0.653762
-0.653762
-0.101396
2.407757
-0.981782
-0.559881
-0.177810
-0.522843
1.044817
-0.216402
-0.522843
-0.712709
0.036588
-0.216402
-0.544422
0.439638
-1.518406
-0.544422
1.280583
-0.177810
1.642378
-0.941952
0.439638
-1.091122
-1.045685
-0.763102
-0.174281
-1.091122
-0.941952
-0.101396
-0.101396
1.280583
-0.638018
-1.091122
-1.309802
-0.053168
-0.981782
1.000000
0.000000
-1.018366
0.000000
-1.935336
0.330298
1.116532
