0.000000
0.500000
0.444444
0.000000
0.691358
0.480000
0.666667
0.666667
0.115702
0.644628
0.740000
0.500000
0.226250
0.500000
0.336420
0.406250
0.083176
0.375000
0.110727
0.261246
0.138013
0.242222
0.000000
0.293333
0.380499
0.581633
0.284879
0.375000
0.375000
0.000000
0.436728
0.611111
0.156250
0.165289
0.000000
0.288194
0.500000
0.320700
0.401384
0.361800
0.447917
0.278400
0.235371
0.644628
0.000000
0.622222
0.216263
0.312175
0.444444
0.720222
0.496528
0.408163
0.611111
0.251543
0.244898
0.348455
0.666667
0.625000
0.539683
0.757396
0.180000
0.571429
0.211200
0.235371
0.737778
0.750000
0.422914
0.132653
0.388889
0.099723
0.283396
0.000000
0.098619
0.162571
0.340000
0.444444
0.444444
0.306778
0.214533
0.277778
0.459184
0.500000
0.309689
0.500000
0.000000
0.593750
0.248457
0.683673
0.300589
0.000000
0.559172
0.414062
0.450617
0.556927
0.336327
0.220800
0.500000
0.240000
0.755556
0.000000
0.592593
0.404537
0.720000
0.720000
0.375000
0.500000
0.244898
0.571429
0.331361
0.520816
0.000000
0.420000
0.284800
0.480000
0.262939
0.611570
0.640000
0.203704
0.693878
0.165289
0.406250
0.525952
0.000000
0.000000
0.710744
0.220800
0.525510
0.124444
0.387543
0.444444
0.500000
0.000000
0.489796
0.666667
0.240000
0.073964
0.476331
0.710744
0.750000
0.000000
0.000000
0.687500
0.375000
0.444444
0.218750
0.132653
0.500000
0.500000
0.320312
0.585938
