Index	Name	Info	Degree	Degree_Pos	Degree_Neg	Strength	Strength_Pos	Strength_Neg	Min_Value	Min_Value_Pos	Min_Value_Neg	Max_Value	Max_Value_Pos	Max_Value_Neg	Average_Value	Average_Value_Pos	Average_Value_Neg	Entropy	Clustering	Clustering_Pos	Clustering_Neg	Clustering_Weighted	Clustering_Weighted_Pos	Clustering_Weighted_Neg	Betweenness
1	1		1	1	0	308	308	0	308	308	0	308	308	0	3.08000000000000E+2	3.08000000000000E+2	0.00000000000000	0.00000000000000	0.00000000000000	0.00000000000000	0.00000000000000	0.00000000000000	0.00000000000000	0.00000000000000	0.00000000000000
2	2		2	2	0	746	746	0	324	324	0	422	422	0	3.73000000000000E+2	3.73000000000000E+2	0.00000000000000	1.00000000000000E+0	0.00000000000000	0.00000000000000	0.00000000000000	0.00000000000000	0.00000000000000	0.00000000000000	4.62441465344691E+0
3	3		6	6	0	2062	2062	0	311	311	0	401	401	0	3.43666666666667E+2	3.43666666666667E+2	0.00000000000000	2.58496250072116E+0	2.66666666666667E-1	2.66666666666667E-1	0.00000000000000	1.51667630620124E+2	1.51667630620124E+2	0.00000000000000	1.87102490613212E+2
4	4		1	0	1	-314	0	314	-314	0	314	-314	0	314	-3.14000000000000E+2	0.00000000000000	3.14000000000000E+2	0.00000000000000	0.00000000000000	0.00000000000000	0.00000000000000	0.00000000000000	0.00000000000000	0.00000000000000	0.00000000000000
5	5		9	1	8	-2418	442	2860	-461	442	312	442	442	461	-2.68666666666667E+2	4.42000000000000E+2	3.57500000000000E+2	3.16992500144231E+0	1.66666666666667E-1	0.00000000000000	0.00000000000000	1.30954993777063E+2	0.00000000000000	0.00000000000000	3.08098955308459E+2
6	6		10	9	1	2596	3048	452	-452	311	452	409	409	452	2.59600000000000E+2	3.38666666666667E+2	4.52000000000000E+2	3.32192809488736E+0	4.88888888888889E-1	6.11111111111111E-1	0.00000000000000	4.76978804986146E+2	3.17682971539277E+2	0.00000000000000	1.72628478804921E+2
7	7		3	1	2	-258	521	779	-452	521	327	521	521	452	-8.60000000000000E+1	5.21000000000000E+2	3.89500000000000E+2	1.58496250072116E+0	0.00000000000000	0.00000000000000	0.00000000000000	-0.00000000000000	0.00000000000000	0.00000000000000	1.57988548057994E+1
8	8		3	2	1	310	680	370	-370	322	370	358	358	370	1.03333333333333E+2	3.40000000000000E+2	3.70000000000000E+2	1.58496250072116E+0	0.00000000000000	0.00000000000000	0.00000000000000	-0.00000000000000	0.00000000000000	0.00000000000000	1.92591500572858E+1
9	9		33	33	0	12091	12091	0	308	308	0	492	492	0	3.66393939393939E+2	3.66393939393939E+2	0.00000000000000	5.04439411935845E+0	6.21212121212121E-1	6.21212121212121E-1	0.00000000000000	3.19452432972168E+2	3.19452432972168E+2	0.00000000000000	7.85128026462758E+1
10	10		11	6	5	134	2147	2013	-530	314	314	409	409	530	1.21818181818182E+1	3.57833333333333E+2	4.02600000000000E+2	3.45943161863730E+0	2.00000000000000E-1	2.00000000000000E-1	0.00000000000000	-1.14605798283074E+3	7.96508002778492E+1	0.00000000000000	1.66920527264478E+2
11	11		10	10	0	3563	3563	0	312	312	0	412	412	0	3.56300000000000E+2	3.56300000000000E+2	0.00000000000000	3.32192809488736E+0	2.66666666666667E-1	2.66666666666667E-1	0.00000000000000	1.07410967885266E+2	1.07410967885266E+2	0.00000000000000	9.69265560314736E+1
12	12		4	4	0	1524	1524	0	329	329	0	413	413	0	3.81000000000000E+2	3.81000000000000E+2	0.00000000000000	2.00000000000000E+0	3.33333333333333E-1	3.33333333333333E-1	0.00000000000000	1.35790936227701E+2	1.35790936227701E+2	0.00000000000000	2.07054900613062E+1
13	13		40	40	0	20568	20568	0	311	311	0	909	909	0	5.14200000000000E+2	5.14200000000000E+2	0.00000000000000	5.32192809488736E+0	5.57692307692308E-1	5.57692307692308E-1	0.00000000000000	3.18854331036615E+2	3.18854331036615E+2	0.00000000000000	2.06483980880150E+2
14	14		2	1	1	-60	401	461	-461	401	461	401	401	461	-3.00000000000000E+1	4.01000000000000E+2	4.61000000000000E+2	1.00000000000000E+0	0.00000000000000	0.00000000000000	0.00000000000000	-0.00000000000000	0.00000000000000	0.00000000000000	2.57314439946019E+0
15	15		36	33	3	13192	14234	1042	-386	308	309	695	695	386	3.66444444444444E+2	4.31333333333333E+2	3.47333333333333E+2	5.16992500144231E+0	5.82539682539683E-1	6.38257575757576E-1	0.00000000000000	4.46721155372148E+2	3.60316804426759E+2	0.00000000000000	3.58494944593841E+2
16	16		16	16	0	6235	6235	0	310	310	0	563	563	0	3.89687500000000E+2	3.89687500000000E+2	0.00000000000000	4.00000000000000E+0	4.75000000000000E-1	4.75000000000000E-1	0.00000000000000	2.20368302221204E+2	2.20368302221204E+2	0.00000000000000	6.58403146339378E+1
17	17		23	23	0	8441	8441	0	315	315	0	501	501	0	3.67000000000000E+2	3.67000000000000E+2	0.00000000000000	4.52356195605701E+0	6.56126482213439E-1	6.56126482213439E-1	0.00000000000000	3.34352348437418E+2	3.34352348437418E+2	0.00000000000000	3.55406581928773E+1
18	18		4	3	1	781	1120	339	-339	323	339	406	406	339	1.95250000000000E+2	3.73333333333333E+2	3.39000000000000E+2	2.00000000000000E+0	0.00000000000000	0.00000000000000	0.00000000000000	0.00000000000000	0.00000000000000	0.00000000000000	3.89160866019883E+2
19	19		17	17	0	6270	6270	0	308	308	0	484	484	0	3.68823529411765E+2	3.68823529411765E+2	0.00000000000000	4.08746284125034E+0	6.76470588235294E-1	6.76470588235294E-1	0.00000000000000	3.37062030510450E+2	3.37062030510450E+2	0.00000000000000	4.40617744303802E+1
20	20		34	34	0	14828	14828	0	307	307	0	667	667	0	4.36117647058824E+2	4.36117647058824E+2	0.00000000000000	5.08746284125034E+0	6.02495543672014E-1	6.02495543672014E-1	0.00000000000000	3.37654777369091E+2	3.37654777369091E+2	0.00000000000000	2.31404551991983E+2
21	21		41	40	1	19920	20235	315	-315	309	315	838	838	315	4.85853658536585E+2	5.05875000000000E+2	3.15000000000000E+2	5.35755200461808E+0	5.82926829268293E-1	6.07692307692308E-1	0.00000000000000	3.57840186511035E+2	3.45093918276829E+2	0.00000000000000	2.55003849603557E+2
22	22		30	29	1	11868	12182	314	-314	312	314	696	696	314	3.95600000000000E+2	4.20068965517241E+2	3.14000000000000E+2	4.90689059560852E+0	6.09195402298851E-1	6.45320197044335E-1	0.00000000000000	3.77340020311778E+2	3.55073696360830E+2	0.00000000000000	1.85275737093499E+2
23	23		1	1	0	391	391	0	391	391	0	391	391	0	3.91000000000000E+2	3.91000000000000E+2	0.00000000000000	0.00000000000000	0.00000000000000	0.00000000000000	0.00000000000000	0.00000000000000	0.00000000000000	0.00000000000000	0.00000000000000
24	24		30	30	0	14011	14011	0	308	308	0	786	786	0	4.67033333333333E+2	4.67033333333333E+2	0.00000000000000	4.90689059560852E+0	6.16091954022989E-1	6.16091954022989E-1	0.00000000000000	3.61066407843379E+2	3.61066407843379E+2	0.00000000000000	3.03611598627218E+2
25	25		29	22	7	8771	11450	2679	-445	312	311	927	927	445	3.02448275862069E+2	5.20454545454545E+2	3.82714285714286E+2	4.85798099512757E+0	4.03940886699507E-1	5.15151515151515E-1	0.00000000000000	6.50441435488230E+2	2.94718763529898E+2	0.00000000000000	3.77528394508981E+2
26	26		14	13	1	4382	4694	312	-312	309	312	435	435	312	3.13000000000000E+2	3.61076923076923E+2	3.12000000000000E+2	3.80735492205760E+0	2.96703296703297E-1	3.33333333333333E-1	0.00000000000000	1.71502956423375E+2	1.42322186331428E+2	0.00000000000000	3.50908991788805E+2
27	27		37	32	5	12458	14378	1920	-495	319	320	720	720	495	3.36702702702703E+2	4.49312500000000E+2	3.84000000000000E+2	5.20945336562895E+0	5.75075075075075E-1	6.97580645161290E-1	0.00000000000000	5.54950836324193E+2	3.80386245237214E+2	0.00000000000000	2.94786517558417E+2
28	28		4	4	0	1714	1714	0	322	322	0	568	568	0	4.28500000000000E+2	4.28500000000000E+2	0.00000000000000	2.00000000000000E+0	5.00000000000000E-1	5.00000000000000E-1	0.00000000000000	2.66235149828370E+2	2.66235149828370E+2	0.00000000000000	7.81370085852844E+0
29	29		4	4	0	1408	1408	0	315	315	0	401	401	0	3.52000000000000E+2	3.52000000000000E+2	0.00000000000000	2.00000000000000E+0	3.33333333333333E-1	3.33333333333333E-1	0.00000000000000	1.01824535649039E+2	1.01824535649039E+2	0.00000000000000	2.09189297484795E+1
30	31		3	3	0	1013	1013	0	307	307	0	376	376	0	3.37666666666667E+2	3.37666666666667E+2	0.00000000000000	1.58496250072116E+0	6.66666666666667E-1	6.66666666666667E-1	0.00000000000000	2.12776540246815E+2	2.12776540246815E+2	0.00000000000000	3.89124395870312E+0
31	33		36	29	7	8877	11710	2833	-456	308	318	670	670	456	2.46583333333333E+2	4.03793103448276E+2	4.04714285714286E+2	5.16992500144231E+0	4.28571428571429E-1	5.61576354679803E-1	0.00000000000000	6.41317859359268E+2	3.00568351345158E+2	0.00000000000000	6.19602173104279E+2
32	34		6	4	2	912	1572	660	-331	345	329	501	501	331	1.52000000000000E+2	3.93000000000000E+2	3.30000000000000E+2	2.58496250072116E+0	1.33333333333333E-1	1.66666666666667E-1	0.00000000000000	-1.06549065334828E+4	5.17719757077089E+1	0.00000000000000	2.83045981502670E+2
33	35		24	24	0	10436	10436	0	317	317	0	735	735	0	4.34833333333333E+2	4.34833333333333E+2	0.00000000000000	4.58496250072116E+0	3.69565217391304E-1	3.69565217391304E-1	0.00000000000000	2.17620532922252E+2	2.17620532922252E+2	0.00000000000000	4.59083438393588E+2
34	36		11	10	1	3839	4184	345	-345	337	345	591	591	345	3.49000000000000E+2	4.18400000000000E+2	3.45000000000000E+2	3.45943161863730E+0	7.63636363636364E-1	9.33333333333333E-1	0.00000000000000	6.29203498074009E+2	5.13523674721376E+2	0.00000000000000	6.19880319049680E+1
35	37		1	1	0	425	425	0	425	425	0	425	425	0	4.25000000000000E+2	4.25000000000000E+2	0.00000000000000	0.00000000000000	0.00000000000000	0.00000000000000	0.00000000000000	0.00000000000000	0.00000000000000	0.00000000000000	0.00000000000000
36	38		24	24	0	10661	10661	0	320	320	0	639	639	0	4.44208333333333E+2	4.44208333333333E+2	0.00000000000000	4.58496250072116E+0	5.86956521739130E-1	5.86956521739130E-1	0.00000000000000	3.36407227417101E+2	3.36407227417101E+2	0.00000000000000	1.25225140295004E+2
37	40		2	2	0	664	664	0	328	328	0	336	336	0	3.32000000000000E+2	3.32000000000000E+2	0.00000000000000	1.00000000000000E+0	0.00000000000000	0.00000000000000	0.00000000000000	0.00000000000000	0.00000000000000	0.00000000000000	1.26686829364680E+1
38	41		49	44	5	21108	23185	2077	-534	311	318	1103	1103	534	4.30775510204082E+2	5.26931818181818E+2	4.15400000000000E+2	5.61470984411521E+0	4.67687074829932E-1	5.35940803382664E-1	0.00000000000000	3.90228948190865E+2	3.03209500339551E+2	0.00000000000000	7.16951379688423E+2
39	42		17	14	3	4345	5385	1040	-370	311	318	451	451	370	2.55588235294118E+2	3.84642857142857E+2	3.46666666666667E+2	4.08746284125034E+0	4.33823529411765E-1	5.71428571428571E-1	0.00000000000000	5.23337051118572E+2	2.90968082036998E+2	0.00000000000000	2.39136814126762E+2
40	43		33	33	0	14238	14238	0	317	317	0	758	758	0	4.31454545454545E+2	4.31454545454545E+2	0.00000000000000	5.04439411935845E+0	5.11363636363636E-1	5.11363636363636E-1	0.00000000000000	3.04392619984486E+2	3.04392619984486E+2	0.00000000000000	5.35111067533622E+2
41	44		24	21	3	8618	9696	1078	-410	309	322	888	888	410	3.59083333333333E+2	4.61714285714286E+2	3.59333333333333E+2	4.58496250072116E+0	3.26086956521739E-1	3.90476190476190E-1	0.00000000000000	3.51850119939838E+2	2.58767713963091E+2	0.00000000000000	5.42054532173326E+2
42	45		25	21	4	8587	10015	1428	-394	316	337	750	750	394	3.43480000000000E+2	4.76904761904762E+2	3.57000000000000E+2	4.64385618977472E+0	4.40000000000000E-1	5.19047619047619E-1	0.00000000000000	4.78663002992761E+2	3.01828529799739E+2	0.00000000000000	4.02411857852197E+2
43	46		39	38	1	17993	18388	395	-395	312	395	744	744	395	4.61358974358974E+2	4.83894736842105E+2	3.95000000000000E+2	5.28540221886225E+0	5.78947368421053E-1	6.07396870554765E-1	0.00000000000000	3.53852956538205E+2	3.37619290887810E+2	0.00000000000000	3.48718898182434E+2
44	47		11	9	2	2611	3283	672	-346	309	326	521	521	346	2.37363636363636E+2	3.64777777777778E+2	3.36000000000000E+2	3.45943161863730E+0	1.63636363636364E-1	2.22222222222222E-1	0.00000000000000	1.66133505599908E+2	8.33807857802335E+1	0.00000000000000	2.64519819008287E+2
45	48		1	1	0	349	349	0	349	349	0	349	349	0	3.49000000000000E+2	3.49000000000000E+2	0.00000000000000	0.00000000000000	0.00000000000000	0.00000000000000	0.00000000000000	0.00000000000000	0.00000000000000	0.00000000000000	0.00000000000000
46	49		15	12	3	3276	4328	1052	-382	312	315	466	466	382	2.18400000000000E+2	3.60666666666667E+2	3.50666666666667E+2	3.90689059560852E+0	1.80952380952381E-1	2.42424242424242E-1	0.00000000000000	2.36782692687834E+2	1.07488162486248E+2	0.00000000000000	8.86825599953157E+2
47	50		34	33	1	12919	13234	315	-315	307	315	739	739	315	3.79970588235294E+2	4.01030303030303E+2	3.15000000000000E+2	5.08746284125034E+0	5.47237076648841E-1	5.66287878787879E-1	0.00000000000000	3.09505055176220E+2	2.89123496154509E+2	0.00000000000000	3.50657142452419E+2
48	51		31	25	6	8382	10709	2327	-459	325	311	638	638	459	2.70387096774194E+2	4.28360000000000E+2	3.87833333333333E+2	4.95419631038687E+0	6.23655913978495E-1	8.16666666666667E-1	0.00000000000000	8.73930300962539E+2	4.46570431608926E+2	0.00000000000000	1.45672810278624E+2
49	52		3	2	1	507	899	392	-392	369	392	530	530	392	1.69000000000000E+2	4.49500000000000E+2	3.92000000000000E+2	1.58496250072116E+0	0.00000000000000	0.00000000000000	0.00000000000000	-0.00000000000000	0.00000000000000	0.00000000000000	3.96593834540082E+1
50	53		19	17	2	6371	7129	758	-450	309	308	658	658	450	3.35315789473684E+2	4.19352941176471E+2	3.79000000000000E+2	4.24792751344359E+0	2.69005847953216E-1	3.08823529411765E-1	0.00000000000000	1.91642796416453E+2	1.36974603058428E+2	0.00000000000000	3.36721424149311E+2
51	54		24	24	0	9919	9919	0	307	307	0	631	631	0	4.13291666666667E+2	4.13291666666667E+2	0.00000000000000	4.58496250072116E+0	4.63768115942029E-1	4.63768115942029E-1	0.00000000000000	2.44397469146401E+2	2.44397469146401E+2	0.00000000000000	4.21651960170964E+2
52	55		7	7	0	2581	2581	0	311	311	0	443	443	0	3.68714285714286E+2	3.68714285714286E+2	0.00000000000000	2.80735492205760E+0	1.42857142857143E-1	1.42857142857143E-1	0.00000000000000	7.87363597056454E+1	7.87363597056454E+1	0.00000000000000	7.62051464912743E+1
53	56		6	3	3	-83	1042	1125	-477	318	314	363	363	477	-1.38333333333333E+1	3.47333333333333E+2	3.75000000000000E+2	2.58496250072116E+0	2.00000000000000E-1	3.33333333333333E-1	0.00000000000000	-4.26840341256867E+2	1.31668698359975E+2	0.00000000000000	1.41440390224493E+2
54	57		36	34	2	13525	14176	651	-339	312	312	677	677	339	3.75694444444444E+2	4.16941176470588E+2	3.25500000000000E+2	5.16992500144231E+0	5.69841269841270E-1	6.04278074866310E-1	0.00000000000000	3.47953291567368E+2	3.03036184031506E+2	0.00000000000000	2.03497965914195E+2
55	58		7	6	1	1968	2282	314	-314	312	314	628	628	314	2.81142857142857E+2	3.80333333333333E+2	3.14000000000000E+2	2.80735492205760E+0	4.28571428571429E-1	5.33333333333333E-1	0.00000000000000	4.01552389109759E+2	2.46580763903134E+2	0.00000000000000	3.36927839856493E+1
56	59		39	34	5	13993	15906	1913	-423	308	310	695	695	423	3.58794871794872E+2	4.67823529411765E+2	3.82600000000000E+2	5.28540221886225E+0	5.18218623481781E-1	6.11408199643494E-1	0.00000000000000	4.90669011977416E+2	3.46794763131719E+2	0.00000000000000	5.27666773543425E+2
57	60		3	1	2	-452	381	833	-475	381	358	381	381	475	-1.50666666666667E+2	3.81000000000000E+2	4.16500000000000E+2	1.58496250072116E+0	3.33333333333333E-1	0.00000000000000	0.00000000000000	-4.65169389708328E+2	0.00000000000000	0.00000000000000	8.36530517781598E+0
58	61		4	4	0	1419	1419	0	327	327	0	426	426	0	3.54750000000000E+2	3.54750000000000E+2	0.00000000000000	2.00000000000000E+0	3.33333333333333E-1	3.33333333333333E-1	0.00000000000000	1.42497943919763E+2	1.42497943919763E+2	0.00000000000000	6.09536916528507E+0
59	62		21	21	0	8335	8335	0	308	308	0	648	648	0	3.96904761904762E+2	3.96904761904762E+2	0.00000000000000	4.39231742277876E+0	4.00000000000000E-1	4.00000000000000E-1	0.00000000000000	1.75902162849495E+2	1.75902162849495E+2	0.00000000000000	2.85060430126160E+2
60	63		13	9	4	1952	3448	1496	-428	318	355	678	678	428	1.50153846153846E+2	3.83111111111111E+2	3.74000000000000E+2	3.70043971814109E+0	2.17948717948718E-1	3.05555555555556E-1	0.00000000000000	1.17240366183162E+3	1.37324504663364E+2	0.00000000000000	3.10344427206558E+2
61	64		20	20	0	9150	9150	0	312	312	0	670	670	0	4.57500000000000E+2	4.57500000000000E+2	0.00000000000000	4.32192809488736E+0	5.00000000000000E-1	5.00000000000000E-1	0.00000000000000	2.79654191436959E+2	2.79654191436959E+2	0.00000000000000	4.36007567202881E+2
62	65		7	6	1	2181	2500	319	-319	312	319	678	678	319	3.11571428571429E+2	4.16666666666667E+2	3.19000000000000E+2	2.80735492205760E+0	3.33333333333333E-1	4.00000000000000E-1	0.00000000000000	3.38195431493738E+2	1.96425515329273E+2	0.00000000000000	8.44660803970342E+1
63	66		25	25	0	11068	11068	0	314	314	0	647	647	0	4.42720000000000E+2	4.42720000000000E+2	0.00000000000000	4.64385618977472E+0	6.90000000000000E-1	6.90000000000000E-1	0.00000000000000	4.03038198354815E+2	4.03038198354815E+2	0.00000000000000	1.15626291760178E+2
64	67		39	36	3	17960	18991	1031	-379	311	316	890	890	379	4.60512820512820E+2	5.27527777777778E+2	3.43666666666667E+2	5.28540221886225E+0	5.78947368421053E-1	6.44444444444444E-1	0.00000000000000	4.25435244715448E+2	3.69066302409706E+2	0.00000000000000	5.54603379251290E+2
65	68		15	9	6	1747	3846	2099	-450	342	313	527	527	450	1.16466666666667E+2	4.27333333333333E+2	3.49833333333333E+2	3.90689059560852E+0	2.47619047619048E-1	5.27777777777778E-1	0.00000000000000	6.86000983982944E+3	2.62061047877625E+2	0.00000000000000	3.73272541983252E+2
66	69		8	6	2	1548	2175	627	-314	307	313	414	414	314	1.93500000000000E+2	3.62500000000000E+2	3.13500000000000E+2	3.00000000000000E+0	3.21428571428571E-1	4.00000000000000E-1	0.00000000000000	7.34014259208062E+2	1.87910545887101E+2	0.00000000000000	1.33484501084755E+2
67	70		51	51	0	23128	23128	0	311	311	0	923	923	0	4.53490196078431E+2	4.53490196078431E+2	0.00000000000000	5.67242534197150E+0	3.89019607843137E-1	3.89019607843137E-1	0.00000000000000	2.28723096650812E+2	2.28723096650812E+2	0.00000000000000	9.56324797809982E+2
68	71		14	13	1	4997	5343	346	-346	315	346	515	515	346	3.56928571428571E+2	4.11000000000000E+2	3.46000000000000E+2	3.80735492205760E+0	6.04395604395604E-1	6.28205128205128E-1	0.00000000000000	4.27453706625010E+2	3.41421820770702E+2	0.00000000000000	4.46005702791273E+1
69	72		30	25	5	10107	11844	1737	-358	321	331	706	706	358	3.36900000000000E+2	4.73760000000000E+2	3.47400000000000E+2	4.90689059560852E+0	5.24137931034483E-1	6.76666666666667E-1	0.00000000000000	6.13892796674778E+2	4.12309648633183E+2	0.00000000000000	6.36341873951027E+2
70	73		19	19	0	7765	7765	0	311	311	0	557	557	0	4.08684210526316E+2	4.08684210526316E+2	0.00000000000000	4.24792751344359E+0	4.67836257309941E-1	4.67836257309941E-1	0.00000000000000	2.68972077423404E+2	2.68972077423404E+2	0.00000000000000	2.38461784607506E+2
71	74		43	38	5	16191	17914	1723	-362	314	311	784	784	362	3.76534883720930E+2	4.71421052631579E+2	3.44600000000000E+2	5.42626475470210E+0	4.86157253599114E-1	5.78947368421053E-1	0.00000000000000	4.20934113077380E+2	3.26787226272822E+2	0.00000000000000	6.69965625304843E+2
72	75		4	4	0	1400	1400	0	320	320	0	381	381	0	3.50000000000000E+2	3.50000000000000E+2	0.00000000000000	2.00000000000000E+0	1.00000000000000E+0	1.00000000000000E+0	0.00000000000000	5.98604625780263E+2	5.98604625780263E+2	0.00000000000000	0.00000000000000
73	76		39	39	0	19742	19742	0	308	308	0	803	803	0	5.06205128205128E+2	5.06205128205128E+2	0.00000000000000	5.28540221886225E+0	6.05937921727395E-1	6.05937921727395E-1	0.00000000000000	3.43812720618563E+2	3.43812720618563E+2	0.00000000000000	3.34521582752402E+2
74	77		23	23	0	9170	9170	0	310	310	0	521	521	0	3.98695652173913E+2	3.98695652173913E+2	0.00000000000000	4.52356195605701E+0	7.15415019762846E-1	7.15415019762846E-1	0.00000000000000	3.99256207303090E+2	3.99256207303090E+2	0.00000000000000	7.12280200555194E+1
75	78		10	9	1	3216	3556	340	-340	317	340	537	537	340	3.21600000000000E+2	3.95111111111111E+2	3.40000000000000E+2	3.32192809488736E+0	4.22222222222222E-1	5.00000000000000E-1	0.00000000000000	3.20609040847675E+2	2.41556433689801E+2	0.00000000000000	5.73007446136751E+1
76	79		3	3	0	1198	1198	0	312	312	0	533	533	0	3.99333333333333E+2	3.99333333333333E+2	0.00000000000000	1.58496250072116E+0	3.33333333333333E-1	3.33333333333333E-1	0.00000000000000	1.79408987883706E+2	1.79408987883706E+2	0.00000000000000	9.25271520749781E+0
77	80		3	0	3	-1038	0	1038	-395	0	317	-317	0	395	-3.46000000000000E+2	0.00000000000000	3.46000000000000E+2	1.58496250072116E+0	6.66666666666667E-1	0.00000000000000	0.00000000000000	2.72414441114162E+2	0.00000000000000	0.00000000000000	1.58333333333333E+0
78	81		29	28	1	12672	12989	317	-317	315	317	959	959	317	4.36965517241379E+2	4.63892857142857E+2	3.17000000000000E+2	4.85798099512757E+0	3.44827586206897E-1	3.54497354497354E-1	0.00000000000000	2.21332476476174E+2	2.04570469190655E+2	0.00000000000000	6.72064977811816E+2
79	82		17	16	1	6094	6438	344	-344	315	344	635	635	344	3.58470588235294E+2	4.02375000000000E+2	3.44000000000000E+2	4.08746284125034E+0	4.26470588235294E-1	4.50000000000000E-1	0.00000000000000	2.74740205910006E+2	2.34377528957928E+2	0.00000000000000	1.96303123571093E+2
80	83		6	0	6	-2026	0	2026	-381	0	314	-314	0	381	-3.37666666666667E+2	0.00000000000000	3.37666666666667E+2	2.58496250072116E+0	5.33333333333333E-1	0.00000000000000	0.00000000000000	2.93077124488453E+2	0.00000000000000	0.00000000000000	2.96498625440773E+2
81	84		14	11	3	3186	4257	1071	-363	311	353	544	544	363	2.27571428571429E+2	3.87000000000000E+2	3.57000000000000E+2	3.80735492205760E+0	2.52747252747253E-1	3.27272727272727E-1	0.00000000000000	4.19285513353442E+2	1.76725573215010E+2	0.00000000000000	3.22558386889046E+2
82	85		4	4	0	1446	1446	0	322	322	0	477	477	0	3.61500000000000E+2	3.61500000000000E+2	0.00000000000000	2.00000000000000E+0	3.33333333333333E-1	3.33333333333333E-1	0.00000000000000	1.34194756443184E+2	1.34194756443184E+2	0.00000000000000	3.44557880202381E+1
83	86		34	33	1	14485	14800	315	-315	307	315	739	739	315	4.26029411764706E+2	4.48484848484848E+2	3.15000000000000E+2	5.08746284125034E+0	5.47237076648841E-1	5.79545454545455E-1	0.00000000000000	3.51496259511867E+2	3.35684448038813E+2	0.00000000000000	5.01588628956029E+2
84	87		4	4	0	1544	1544	0	351	351	0	417	417	0	3.86000000000000E+2	3.86000000000000E+2	0.00000000000000	2.00000000000000E+0	5.00000000000000E-1	5.00000000000000E-1	0.00000000000000	2.15511064518947E+2	2.15511064518947E+2	0.00000000000000	1.72828095651625E+1
85	88		1	1	0	331	331	0	331	331	0	331	331	0	3.31000000000000E+2	3.31000000000000E+2	0.00000000000000	0.00000000000000	0.00000000000000	0.00000000000000	0.00000000000000	0.00000000000000	0.00000000000000	0.00000000000000	0.00000000000000
86	89		8	7	1	2517	2866	349	-349	320	349	533	533	349	3.14625000000000E+2	4.09428571428571E+2	3.49000000000000E+2	3.00000000000000E+0	2.14285714285714E-1	2.85714285714286E-1	0.00000000000000	1.56314589746990E+2	1.11693899211360E+2	0.00000000000000	1.57340987077622E+2
87	90		36	36	0	16857	16857	0	314	314	0	835	835	0	4.68250000000000E+2	4.68250000000000E+2	0.00000000000000	5.16992500144231E+0	5.76190476190476E-1	5.76190476190476E-1	0.00000000000000	3.34658348535962E+2	3.34658348535962E+2	0.00000000000000	3.66479893822791E+2
88	91		14	12	2	4272	4951	679	-344	311	335	658	658	344	3.05142857142857E+2	4.12583333333333E+2	3.39500000000000E+2	3.80735492205760E+0	2.41758241758242E-1	2.72727272727273E-1	0.00000000000000	2.25132159816209E+2	1.38214306183141E+2	0.00000000000000	6.15725133735998E+2
89	92		47	46	1	22422	22755	333	-333	309	333	923	923	333	4.77063829787234E+2	4.94673913043478E+2	3.33000000000000E+2	5.55458885167764E+0	4.24606845513413E-1	4.41545893719807E-1	0.00000000000000	2.69805065883278E+2	2.61333582735662E+2	0.00000000000000	8.74630686250893E+2
90	93		1	1	0	381	381	0	381	381	0	381	381	0	3.81000000000000E+2	3.81000000000000E+2	0.00000000000000	0.00000000000000	0.00000000000000	0.00000000000000	0.00000000000000	0.00000000000000	0.00000000000000	0.00000000000000	0.00000000000000
91	94		26	15	11	2290	6591	4301	-497	327	309	632	632	497	8.80769230769231E+1	4.39400000000000E+2	3.91000000000000E+2	4.70043971814109E+0	4.00000000000000E-1	5.61904761904762E-1	0.00000000000000	5.15198853470415E+4	3.20810563811614E+2	0.00000000000000	5.61158366159869E+2
92	95		16	16	0	6159	6159	0	314	314	0	631	631	0	3.84937500000000E+2	3.84937500000000E+2	0.00000000000000	4.00000000000000E+0	5.83333333333333E-1	5.83333333333333E-1	0.00000000000000	2.89756849457179E+2	2.89756849457179E+2	0.00000000000000	9.34655992041225E+1
93	96		18	16	2	5578	6332	754	-399	319	355	635	635	399	3.09888888888889E+2	3.95750000000000E+2	3.77000000000000E+2	4.16992500144231E+0	2.02614379084967E-1	2.25000000000000E-1	0.00000000000000	1.53862608798731E+2	1.05957320811385E+2	0.00000000000000	4.69281184681409E+2
94	97		27	17	10	4136	7872	3736	-530	311	307	981	981	530	1.53185185185185E+2	4.63058823529412E+2	3.73600000000000E+2	4.75488750216347E+0	3.90313390313390E-1	5.58823529411765E-1	0.00000000000000	2.55229936887733E+3	3.41313712239329E+2	0.00000000000000	4.27554677304733E+2
95	98		35	31	4	12842	14368	1526	-414	320	346	635	635	414	3.66914285714286E+2	4.63483870967742E+2	3.81500000000000E+2	5.12928301694497E+0	5.78151260504202E-1	6.90322580645161E-1	0.00000000000000	5.09782000055914E+2	3.84749223421404E+2	0.00000000000000	2.04394704228922E+2
96	99		50	49	1	27541	27940	399	-399	308	399	1103	1103	399	5.50820000000000E+2	5.70204081632653E+2	3.99000000000000E+2	5.64385618977472E+0	4.79183673469388E-1	4.89795918367347E-1	0.00000000000000	2.97206665781915E+2	2.85513214274458E+2	0.00000000000000	4.72025357425928E+2
97	100		6	1	5	-1425	442	1867	-477	442	314	442	442	477	-2.37500000000000E+2	4.42000000000000E+2	3.73400000000000E+2	2.58496250072116E+0	3.33333333333333E-1	0.00000000000000	0.00000000000000	5.86938337739146E+2	0.00000000000000	0.00000000000000	5.13379159900115E+1
98	101		15	15	0	5856	5856	0	319	319	0	505	505	0	3.90400000000000E+2	3.90400000000000E+2	0.00000000000000	3.90689059560852E+0	6.76190476190476E-1	6.76190476190476E-1	0.00000000000000	4.02575054125767E+2	4.02575054125767E+2	0.00000000000000	7.30356974915003E+1
99	102		15	10	5	2185	4021	1836	-475	318	313	648	648	475	1.45666666666667E+2	4.02100000000000E+2	3.67200000000000E+2	3.90689059560852E+0	1.71428571428571E-1	3.11111111111111E-1	0.00000000000000	1.09196570708795E+3	1.52337726627042E+2	0.00000000000000	3.61604362796164E+2
100	103		4	3	1	711	1040	329	-329	320	329	383	383	329	1.77750000000000E+2	3.46666666666667E+2	3.29000000000000E+2	2.00000000000000E+0	1.66666666666667E-1	3.33333333333333E-1	0.00000000000000	3.91216683033909E+3	1.88397728884945E+2	0.00000000000000	1.21778901350354E+1
101	104		9	6	3	1123	2192	1069	-384	319	340	442	442	384	1.24777777777778E+2	3.65333333333333E+2	3.56333333333333E+2	3.16992500144231E+0	1.11111111111111E-1	1.33333333333333E-1	0.00000000000000	7.57132448762714E+3	7.29115005539013E+1	0.00000000000000	1.12992963092587E+2
102	105		23	18	5	7320	9159	1839	-464	313	311	959	959	464	3.18260869565217E+2	5.08833333333333E+2	3.67800000000000E+2	4.52356195605701E+0	4.66403162055336E-1	6.07843137254902E-1	0.00000000000000	7.05118490135843E+2	3.73964467134389E+2	0.00000000000000	1.86505102189094E+2
103	106		5	1	4	-1115	313	1428	-404	313	307	313	313	404	-2.23000000000000E+2	3.13000000000000E+2	3.57000000000000E+2	2.32192809488736E+0	0.00000000000000	0.00000000000000	0.00000000000000	0.00000000000000	0.00000000000000	0.00000000000000	1.59305651903551E+2
104	107		5	3	2	312	969	657	-339	309	318	336	336	339	6.24000000000000E+1	3.23000000000000E+2	3.28500000000000E+2	2.32192809488736E+0	1.00000000000000E-1	3.33333333333333E-1	0.00000000000000	-3.37385826771654E+2	2.33003567729313E+2	0.00000000000000	2.77165710714491E+2
105	108		4	4	0	1443	1443	0	313	313	0	416	416	0	3.60750000000000E+2	3.60750000000000E+2	0.00000000000000	2.00000000000000E+0	5.00000000000000E-1	5.00000000000000E-1	0.00000000000000	2.97611013210756E+2	2.97611013210756E+2	0.00000000000000	2.22278938290513E+1
106	109		6	5	1	1599	1927	328	-328	315	328	547	547	328	2.66500000000000E+2	3.85400000000000E+2	3.28000000000000E+2	2.58496250072116E+0	2.66666666666667E-1	4.00000000000000E-1	0.00000000000000	3.33416279189513E+2	1.89779659191676E+2	0.00000000000000	1.94374409207240E+1
107	110		7	6	1	1809	2144	335	-335	318	335	401	401	335	2.58428571428571E+2	3.57333333333333E+2	3.35000000000000E+2	2.80735492205760E+0	2.85714285714286E-1	3.33333333333333E-1	0.00000000000000	2.66533667667379E+2	1.30384652436958E+2	0.00000000000000	6.07807360274037E+1
108	111		7	3	4	-482	1161	1643	-442	351	384	421	421	442	-6.88571428571429E+1	3.87000000000000E+2	4.10750000000000E+2	2.80735492205760E+0	2.38095238095238E-1	3.33333333333333E-1	0.00000000000000	-6.35855779616686E+2	9.50728956277799E+1	0.00000000000000	6.75938879091558E+1
109	112		26	26	0	10246	10246	0	308	308	0	582	582	0	3.94076923076923E+2	3.94076923076923E+2	0.00000000000000	4.70043971814109E+0	5.78461538461538E-1	5.78461538461538E-1	0.00000000000000	2.84256505769842E+2	2.84256505769842E+2	0.00000000000000	1.57589340065933E+2
110	113		35	21	14	5100	10648	5548	-534	311	316	981	981	534	1.45714285714286E+2	5.07047619047619E+2	3.96285714285714E+2	5.12928301694497E+0	3.52941176470588E-1	5.33333333333333E-1	0.00000000000000	3.08318218993058E+3	3.26246474614313E+2	0.00000000000000	6.94186716236457E+2
111	114		4	4	0	1419	1419	0	329	329	0	406	406	0	3.54750000000000E+2	3.54750000000000E+2	0.00000000000000	2.00000000000000E+0	0.00000000000000	0.00000000000000	0.00000000000000	0.00000000000000	0.00000000000000	0.00000000000000	9.79816666754682E+1
112	115		20	18	2	6387	7032	645	-323	311	322	508	508	323	3.19350000000000E+2	3.90666666666667E+2	3.22500000000000E+2	4.32192809488736E+0	6.05263157894737E-1	7.32026143790850E-1	0.00000000000000	5.01055645670382E+2	3.99555208934477E+2	0.00000000000000	1.84557470248794E+2
113	116		25	22	3	7621	8674	1053	-418	308	317	513	513	418	3.04840000000000E+2	3.94272727272727E+2	3.51000000000000E+2	4.64385618977472E+0	5.86666666666667E-1	7.48917748917749E-1	0.00000000000000	5.35903070312224E+2	3.99648959872119E+2	0.00000000000000	3.40690596108042E+2
114	117		5	5	0	1769	1769	0	308	308	0	413	413	0	3.53800000000000E+2	3.53800000000000E+2	0.00000000000000	2.32192809488736E+0	3.00000000000000E-1	3.00000000000000E-1	0.00000000000000	1.09276054369878E+2	1.09276054369878E+2	0.00000000000000	3.23751572451194E+1
115	118		41	41	0	17966	17966	0	318	318	0	739	739	0	4.38195121951220E+2	4.38195121951220E+2	0.00000000000000	5.35755200461808E+0	5.19512195121951E-1	5.19512195121951E-1	0.00000000000000	2.56979549145115E+2	2.56979549145115E+2	0.00000000000000	3.59328010183385E+2
116	119		11	11	0	3797	3797	0	308	308	0	408	408	0	3.45181818181818E+2	3.45181818181818E+2	0.00000000000000	3.45943161863730E+0	3.09090909090909E-1	3.09090909090909E-1	0.00000000000000	1.33007279371536E+2	1.33007279371536E+2	0.00000000000000	5.88544563353499E+2
117	120		5	5	0	1671	1671	0	311	311	0	374	374	0	3.34200000000000E+2	3.34200000000000E+2	0.00000000000000	2.32192809488736E+0	3.00000000000000E-1	3.00000000000000E-1	0.00000000000000	1.12112443016016E+2	1.12112443016016E+2	0.00000000000000	1.90539182487176E+1
118	121		18	18	0	6924	6924	0	307	307	0	522	522	0	3.84666666666667E+2	3.84666666666667E+2	0.00000000000000	4.16992500144231E+0	6.99346405228758E-1	6.99346405228758E-1	0.00000000000000	3.63489881231126E+2	3.63489881231126E+2	0.00000000000000	3.42369289685038E+1
119	122		7	3	4	-199	1130	1329	-382	321	307	476	476	382	-2.84285714285714E+1	3.76666666666667E+2	3.32250000000000E+2	2.80735492205760E+0	4.76190476190476E-2	0.00000000000000	0.00000000000000	-9.24330761156345E+1	0.00000000000000	0.00000000000000	1.74335722488560E+2
120	123		11	11	0	4261	4261	0	316	316	0	492	492	0	3.87363636363636E+2	3.87363636363636E+2	0.00000000000000	3.45943161863730E+0	4.72727272727273E-1	4.72727272727273E-1	0.00000000000000	2.23987814601722E+2	2.23987814601722E+2	0.00000000000000	9.21324929506803E+1
121	124		8	6	2	1318	2016	698	-380	312	318	374	374	380	1.64750000000000E+2	3.36000000000000E+2	3.49000000000000E+2	3.00000000000000E+0	3.57142857142857E-1	6.00000000000000E-1	0.00000000000000	1.56800958097116E+3	3.48389721092086E+2	0.00000000000000	2.35894153338240E+2
122	125		17	17	0	6128	6128	0	308	308	0	528	528	0	3.60470588235294E+2	3.60470588235294E+2	0.00000000000000	4.08746284125034E+0	2.79411764705882E-1	2.79411764705882E-1	0.00000000000000	1.49141901946891E+2	1.49141901946891E+2	0.00000000000000	7.37776480099955E+2
123	126		2	2	0	724	724	0	361	361	0	363	363	0	3.62000000000000E+2	3.62000000000000E+2	0.00000000000000	1.00000000000000E+0	1.00000000000000E+0	1.00000000000000E+0	0.00000000000000	3.63000000000000E+2	3.63000000000000E+2	0.00000000000000	0.00000000000000
124	127		8	8	0	3041	3041	0	318	318	0	477	477	0	3.80125000000000E+2	3.80125000000000E+2	0.00000000000000	3.00000000000000E+0	5.35714285714286E-1	5.35714285714286E-1	0.00000000000000	3.21268862310770E+2	3.21268862310770E+2	0.00000000000000	4.31593436525358E+1
125	129		11	10	1	3319	3654	335	-335	321	335	441	441	335	3.01727272727273E+2	3.65400000000000E+2	3.35000000000000E+2	3.45943161863730E+0	3.27272727272727E-1	3.55555555555556E-1	0.00000000000000	2.45237940414229E+2	1.77605576276741E+2	0.00000000000000	6.11824929893816E+1
126	130		25	24	1	9804	10111	307	-307	312	307	592	592	307	3.92160000000000E+2	4.21291666666667E+2	3.07000000000000E+2	4.64385618977472E+0	6.90000000000000E-1	7.28260869565217E-1	0.00000000000000	4.57153792915062E+2	4.22092253378510E+2	0.00000000000000	2.49386151973619E+2
127	131		28	28	0	10170	10170	0	309	309	0	492	492	0	3.63214285714286E+2	3.63214285714286E+2	0.00000000000000	4.80735492205760E+0	2.96296296296296E-1	2.96296296296296E-1	0.00000000000000	1.40643865365848E+2	1.40643865365848E+2	0.00000000000000	5.90045589045872E+2
128	132		15	15	0	5639	5639	0	313	313	0	448	448	0	3.75933333333333E+2	3.75933333333333E+2	0.00000000000000	3.90689059560852E+0	7.90476190476190E-1	7.90476190476190E-1	0.00000000000000	4.51903716740612E+2	4.51903716740612E+2	0.00000000000000	7.43579293889148E+0
129	134		17	17	0	6840	6840	0	312	312	0	527	527	0	4.02352941176471E+2	4.02352941176471E+2	0.00000000000000	4.08746284125034E+0	5.00000000000000E-1	5.00000000000000E-1	0.00000000000000	2.49974949090480E+2	2.49974949090480E+2	0.00000000000000	1.28992775758449E+2
130	135		3	2	1	390	719	329	-329	318	329	401	401	329	1.30000000000000E+2	3.59500000000000E+2	3.29000000000000E+2	1.58496250072116E+0	0.00000000000000	0.00000000000000	0.00000000000000	-0.00000000000000	0.00000000000000	0.00000000000000	3.22448077108918E+1
131	136		2	2	0	777	777	0	337	337	0	440	440	0	3.88500000000000E+2	3.88500000000000E+2	0.00000000000000	1.00000000000000E+0	0.00000000000000	0.00000000000000	0.00000000000000	0.00000000000000	0.00000000000000	0.00000000000000	4.83181955045597E+0
132	137		6	6	0	2032	2032	0	312	312	0	366	366	0	3.38666666666667E+2	3.38666666666667E+2	0.00000000000000	2.58496250072116E+0	6.66666666666667E-1	6.66666666666667E-1	0.00000000000000	3.27003799521163E+2	3.27003799521163E+2	0.00000000000000	3.34195980805246E+0
133	138		7	6	1	1912	2220	308	-308	323	308	440	440	308	2.73142857142857E+2	3.70000000000000E+2	3.08000000000000E+2	2.80735492205760E+0	2.38095238095238E-1	3.33333333333333E-1	0.00000000000000	1.48120298285322E+2	9.86278682804684E+1	0.00000000000000	9.35399637926660E+1
134	139		3	1	2	-408	314	722	-404	314	318	314	314	404	-1.36000000000000E+2	3.14000000000000E+2	3.61000000000000E+2	1.58496250072116E+0	0.00000000000000	0.00000000000000	0.00000000000000	-0.00000000000000	0.00000000000000	0.00000000000000	4.67709624863292E+1
135	140		15	14	1	4713	5056	343	-343	308	343	506	506	343	3.14200000000000E+2	3.61142857142857E+2	3.43000000000000E+2	3.90689059560852E+0	7.04761904761905E-1	7.69230769230769E-1	0.00000000000000	4.45141881131695E+2	3.64763791801193E+2	0.00000000000000	1.31234431796098E+1
136	141		26	26	0	11079	11079	0	309	309	0	814	814	0	4.26115384615385E+2	4.26115384615385E+2	0.00000000000000	4.70043971814109E+0	5.47692307692308E-1	5.47692307692308E-1	0.00000000000000	2.75133387569838E+2	2.75133387569838E+2	0.00000000000000	5.76019007495637E+2
137	142		26	25	1	9940	10298	358	-358	313	358	814	814	358	3.82307692307692E+2	4.11920000000000E+2	3.58000000000000E+2	4.70043971814109E+0	3.81538461538462E-1	4.10000000000000E-1	0.00000000000000	2.33163989073551E+2	2.14885727258732E+2	0.00000000000000	4.47232872913673E+2
138	143		11	11	0	4253	4253	0	319	319	0	501	501	0	3.86636363636364E+2	3.86636363636364E+2	0.00000000000000	3.45943161863730E+0	2.18181818181818E-1	2.18181818181818E-1	0.00000000000000	1.01033421549375E+2	1.01033421549375E+2	0.00000000000000	2.17850668325372E+2
139	144		4	1	3	-573	446	1019	-341	446	339	446	446	341	-1.43250000000000E+2	4.46000000000000E+2	3.39666666666667E+2	2.00000000000000E+0	1.66666666666667E-1	0.00000000000000	0.00000000000000	-4.58973946749112E+2	0.00000000000000	0.00000000000000	1.14738697098661E+2
140	145		3	3	0	949	949	0	308	308	0	330	330	0	3.16333333333333E+2	3.16333333333333E+2	0.00000000000000	1.58496250072116E+0	0.00000000000000	0.00000000000000	0.00000000000000	0.00000000000000	0.00000000000000	0.00000000000000	3.05045623376489E+2
141	146		1	1	0	330	330	0	330	330	0	330	330	0	3.30000000000000E+2	3.30000000000000E+2	0.00000000000000	0.00000000000000	0.00000000000000	0.00000000000000	0.00000000000000	0.00000000000000	0.00000000000000	0.00000000000000	0.00000000000000
142	147		8	7	1	2322	2649	327	-327	307	327	530	530	327	2.90250000000000E+2	3.78428571428571E+2	3.27000000000000E+2	3.00000000000000E+0	1.78571428571429E-1	1.90476190476190E-1	0.00000000000000	1.13218885474472E+2	6.37248514726161E+1	0.00000000000000	7.63819673968310E+2
143	148		4	4	0	1398	1398	0	322	322	0	374	374	0	3.49500000000000E+2	3.49500000000000E+2	0.00000000000000	2.00000000000000E+0	5.00000000000000E-1	5.00000000000000E-1	0.00000000000000	1.94102073373945E+2	1.94102073373945E+2	0.00000000000000	8.12614090566673E+0
144	149		3	1	2	-243	425	668	-341	425	327	425	425	341	-8.10000000000000E+1	4.25000000000000E+2	3.34000000000000E+2	1.58496250072116E+0	3.33333333333333E-1	0.00000000000000	0.00000000000000	-2.88481098420469E+2	0.00000000000000	0.00000000000000	2.96000000000000E+2
145	150		8	0	8	-3001	0	3001	-464	0	317	-317	0	464	-3.75125000000000E+2	0.00000000000000	3.75125000000000E+2	3.00000000000000E+0	7.50000000000000E-1	0.00000000000000	0.00000000000000	4.71931367859845E+2	0.00000000000000	0.00000000000000	3.46875362083681E+1
146	151		14	14	0	4882	4882	0	309	309	0	458	458	0	3.48714285714286E+2	3.48714285714286E+2	0.00000000000000	3.80735492205760E+0	7.58241758241758E-1	7.58241758241758E-1	0.00000000000000	4.05650634529439E+2	4.05650634529439E+2	0.00000000000000	4.21725172700014E+1
147	152		2	0	2	-763	0	763	-383	0	380	-380	0	383	-3.81500000000000E+2	0.00000000000000	3.81500000000000E+2	1.00000000000000E+0	0.00000000000000	0.00000000000000	0.00000000000000	0.00000000000000	0.00000000000000	0.00000000000000	7.69674525069262E+0
148	153		2	1	1	-20	372	392	-392	372	392	372	372	392	-1.00000000000000E+1	3.72000000000000E+2	3.92000000000000E+2	1.00000000000000E+0	0.00000000000000	0.00000000000000	0.00000000000000	-0.00000000000000	0.00000000000000	0.00000000000000	1.47579196246482E+1
149	154		16	14	2	5963	6623	660	-350	311	310	792	792	350	3.72687500000000E+2	4.73071428571429E+2	3.30000000000000E+2	4.00000000000000E+0	6.25000000000000E-1	7.25274725274725E-1	0.00000000000000	5.94100050642830E+2	4.40673979709668E+2	0.00000000000000	1.25323165696943E+2
150	155		16	16	0	5622	5622	0	318	318	0	435	435	0	3.51375000000000E+2	3.51375000000000E+2	0.00000000000000	4.00000000000000E+0	3.75000000000000E-1	3.75000000000000E-1	0.00000000000000	1.51525173343243E+2	1.51525173343243E+2	0.00000000000000	4.05823871897184E+2
